function setup() {
  createCanvas(600, 600);
}

function draw() {
  background(255);
  fill(255);
  ellipse(300,300,400);
  strokeWeight(3);
  bezier(220, 300, 250, 250, 350, 350, 400, 300);
  bezier(210, 310, 260, 260, 340, 340, 390, 310);
  bezier(200, 320, 270, 270, 330, 330, 380, 320);
  bezier(190, 300, 250, 250, 350, 320, 400, 300);
  bezier(180, 310, 260, 260, 340, 310, 390, 310);
  bezier(170, 320, 270, 270, 330, 330, 380, 320);
  bezier(250, 290, 300, 240, 360, 340, 410, 310);
  bezier(230, 310, 290, 270, 350, 360, 400, 330);
  fill(250, 250, 240);
  ellipse(270, 270, 90, 60);
  ellipse(330, 290, 80, 50);
  ellipse(300, 320, 100, 70);
  ellipse(360, 340, 70, 40);
  ellipse(250, 340, 80, 50);
  fill(200, 175, 150);
  rect(260, 260, 50, 30);
  rect(310, 280, 50, 30);
  rect(280, 300, 50, 30);
  rect(320, 320, 50, 30);
  rect(290, 340, 50, 30);
}